Time: 1
Waiting clients: (4, 2, 7); (5, 2, 6); (8, 2, 4); (11, 2, 9); (14, 2, 6); (17, 2, 8); (23, 2, 5); (27, 2, 9); (30, 2, 5); (33, 2, 7); (35, 2, 9); (36, 2, 4); (40, 2, 8); (43, 2, 4); (44, 2, 9); (46, 2, 9); (47, 2, 6); (48, 2, 5); (0, 3, 9); (2, 3, 7); (3, 3, 8); (7, 3, 8); (9, 3, 6); (10, 3, 5); (18, 3, 4); (26, 3, 8); (32, 3, 3); (34, 3, 6); (39, 3, 3); (49, 3, 8); (1, 4, 5); (6, 4, 3); (12, 4, 6); (13, 4, 6); (15, 4, 5); (16, 4, 6); (19, 4, 4); (20, 4, 7); (21, 4, 5); (22, 4, 6); (24, 4, 6); (25, 4, 6); (28, 4, 4); (29, 4, 4); (31, 4, 8); (37, 4, 3); (38, 4, 7); (41, 4, 5); (42, 4, 5); (45, 4, 6); 
Queue1: closed
Queue2: closed
Queue3: closed
Queue4: closed
Queue5: closed

Time: 2
Waiting clients: (0, 3, 9); (2, 3, 7); (3, 3, 8); (7, 3, 8); (9, 3, 6); (10, 3, 5); (18, 3, 4); (26, 3, 8); (32, 3, 3); (34, 3, 6); (39, 3, 3); (49, 3, 8); (1, 4, 5); (6, 4, 3); (12, 4, 6); (13, 4, 6); (15, 4, 5); (16, 4, 6); (19, 4, 4); (20, 4, 7); (21, 4, 5); (22, 4, 6); (24, 4, 6); (25, 4, 6); (28, 4, 4); (29, 4, 4); (31, 4, 8); (37, 4, 3); (38, 4, 7); (41, 4, 5); (42, 4, 5); (45, 4, 6); 
Queue1: (4, 2, 7); (30, 2, 5); (36, 2, 4); (44, 2, 9); 
Queue2: (5, 2, 6); (23, 2, 5); (35, 2, 9); (48, 2, 5); 
Queue3: (8, 2, 4); (17, 2, 8); (40, 2, 8); 
Queue4: (11, 2, 9); (33, 2, 7); (46, 2, 9); 
Queue5: (14, 2, 6); (27, 2, 9); (43, 2, 4); (47, 2, 6); 

Time: 3
Waiting clients: (1, 4, 5); (6, 4, 3); (12, 4, 6); (13, 4, 6); (15, 4, 5); (16, 4, 6); (19, 4, 4); (20, 4, 7); (21, 4, 5); (22, 4, 6); (24, 4, 6); (25, 4, 6); (28, 4, 4); (29, 4, 4); (31, 4, 8); (37, 4, 3); (38, 4, 7); (41, 4, 5); (42, 4, 5); (45, 4, 6); 
Queue1: (4, 2, 7); (30, 2, 5); (36, 2, 4); (44, 2, 9); (2, 3, 7); (26, 3, 8); 
Queue2: (5, 2, 6); (23, 2, 5); (35, 2, 9); (48, 2, 5); (3, 3, 8); (32, 3, 3); 
Queue3: (8, 2, 4); (17, 2, 8); (40, 2, 8); (0, 3, 9); (10, 3, 5); (39, 3, 3); 
Queue4: (11, 2, 9); (33, 2, 7); (46, 2, 9); (7, 3, 8); (34, 3, 6); 
Queue5: (14, 2, 6); (27, 2, 9); (43, 2, 4); (47, 2, 6); (9, 3, 6); (18, 3, 4); (49, 3, 8); 

Time: 4
Queue1: (4, 2, 7); (30, 2, 5); (36, 2, 4); (44, 2, 9); (2, 3, 7); (26, 3, 8); (13, 4, 6); (22, 4, 6); (29, 4, 4); (42, 4, 5); 
Queue2: (5, 2, 6); (23, 2, 5); (35, 2, 9); (48, 2, 5); (3, 3, 8); (32, 3, 3); (1, 4, 5); (16, 4, 6); (24, 4, 6); (37, 4, 3); (45, 4, 6); 
Queue3: (8, 2, 4); (17, 2, 8); (40, 2, 8); (0, 3, 9); (10, 3, 5); (39, 3, 3); (6, 4, 3); (15, 4, 5); (20, 4, 7); (31, 4, 8); 
Queue4: (11, 2, 9); (33, 2, 7); (46, 2, 9); (7, 3, 8); (34, 3, 6); (12, 4, 6); (21, 4, 5); (28, 4, 4); (41, 4, 5); 
Queue5: (14, 2, 6); (27, 2, 9); (43, 2, 4); (47, 2, 6); (9, 3, 6); (18, 3, 4); (49, 3, 8); (19, 4, 4); (25, 4, 6); (38, 4, 7); 

Time: 5
Queue1: (4, 2, 7); (30, 2, 5); (36, 2, 4); (44, 2, 9); (2, 3, 7); (26, 3, 8); (13, 4, 6); (22, 4, 6); (29, 4, 4); (42, 4, 5); 
Queue2: (5, 2, 6); (23, 2, 5); (35, 2, 9); (48, 2, 5); (3, 3, 8); (32, 3, 3); (1, 4, 5); (16, 4, 6); (24, 4, 6); (37, 4, 3); (45, 4, 6); 
Queue3: (8, 2, 4); (17, 2, 8); (40, 2, 8); (0, 3, 9); (10, 3, 5); (39, 3, 3); (6, 4, 3); (15, 4, 5); (20, 4, 7); (31, 4, 8); 
Queue4: (11, 2, 9); (33, 2, 7); (46, 2, 9); (7, 3, 8); (34, 3, 6); (12, 4, 6); (21, 4, 5); (28, 4, 4); (41, 4, 5); 
Queue5: (14, 2, 6); (27, 2, 9); (43, 2, 4); (47, 2, 6); (9, 3, 6); (18, 3, 4); (49, 3, 8); (19, 4, 4); (25, 4, 6); (38, 4, 7); 

Time: 6
Queue1: (4, 2, 7); (30, 2, 5); (36, 2, 4); (44, 2, 9); (2, 3, 7); (26, 3, 8); (13, 4, 6); (22, 4, 6); (29, 4, 4); (42, 4, 5); 
Queue2: (5, 2, 6); (23, 2, 5); (35, 2, 9); (48, 2, 5); (3, 3, 8); (32, 3, 3); (1, 4, 5); (16, 4, 6); (24, 4, 6); (37, 4, 3); (45, 4, 6); 
Queue3: (17, 2, 8); (40, 2, 8); (0, 3, 9); (10, 3, 5); (39, 3, 3); (6, 4, 3); (15, 4, 5); (20, 4, 7); (31, 4, 8); 
Queue4: (11, 2, 9); (33, 2, 7); (46, 2, 9); (7, 3, 8); (34, 3, 6); (12, 4, 6); (21, 4, 5); (28, 4, 4); (41, 4, 5); 
Queue5: (14, 2, 6); (27, 2, 9); (43, 2, 4); (47, 2, 6); (9, 3, 6); (18, 3, 4); (49, 3, 8); (19, 4, 4); (25, 4, 6); (38, 4, 7); 

Time: 7
Queue1: (4, 2, 7); (30, 2, 5); (36, 2, 4); (44, 2, 9); (2, 3, 7); (26, 3, 8); (13, 4, 6); (22, 4, 6); (29, 4, 4); (42, 4, 5); 
Queue2: (5, 2, 6); (23, 2, 5); (35, 2, 9); (48, 2, 5); (3, 3, 8); (32, 3, 3); (1, 4, 5); (16, 4, 6); (24, 4, 6); (37, 4, 3); (45, 4, 6); 
Queue3: (17, 2, 8); (40, 2, 8); (0, 3, 9); (10, 3, 5); (39, 3, 3); (6, 4, 3); (15, 4, 5); (20, 4, 7); (31, 4, 8); 
Queue4: (11, 2, 9); (33, 2, 7); (46, 2, 9); (7, 3, 8); (34, 3, 6); (12, 4, 6); (21, 4, 5); (28, 4, 4); (41, 4, 5); 
Queue5: (14, 2, 6); (27, 2, 9); (43, 2, 4); (47, 2, 6); (9, 3, 6); (18, 3, 4); (49, 3, 8); (19, 4, 4); (25, 4, 6); (38, 4, 7); 

Time: 8
Queue1: (4, 2, 7); (30, 2, 5); (36, 2, 4); (44, 2, 9); (2, 3, 7); (26, 3, 8); (13, 4, 6); (22, 4, 6); (29, 4, 4); (42, 4, 5); 
Queue2: (23, 2, 5); (35, 2, 9); (48, 2, 5); (3, 3, 8); (32, 3, 3); (1, 4, 5); (16, 4, 6); (24, 4, 6); (37, 4, 3); (45, 4, 6); 
Queue3: (17, 2, 8); (40, 2, 8); (0, 3, 9); (10, 3, 5); (39, 3, 3); (6, 4, 3); (15, 4, 5); (20, 4, 7); (31, 4, 8); 
Queue4: (11, 2, 9); (33, 2, 7); (46, 2, 9); (7, 3, 8); (34, 3, 6); (12, 4, 6); (21, 4, 5); (28, 4, 4); (41, 4, 5); 
Queue5: (27, 2, 9); (43, 2, 4); (47, 2, 6); (9, 3, 6); (18, 3, 4); (49, 3, 8); (19, 4, 4); (25, 4, 6); (38, 4, 7); 

Time: 9
Queue1: (30, 2, 5); (36, 2, 4); (44, 2, 9); (2, 3, 7); (26, 3, 8); (13, 4, 6); (22, 4, 6); (29, 4, 4); (42, 4, 5); 
Queue2: (23, 2, 5); (35, 2, 9); (48, 2, 5); (3, 3, 8); (32, 3, 3); (1, 4, 5); (16, 4, 6); (24, 4, 6); (37, 4, 3); (45, 4, 6); 
Queue3: (17, 2, 8); (40, 2, 8); (0, 3, 9); (10, 3, 5); (39, 3, 3); (6, 4, 3); (15, 4, 5); (20, 4, 7); (31, 4, 8); 
Queue4: (11, 2, 9); (33, 2, 7); (46, 2, 9); (7, 3, 8); (34, 3, 6); (12, 4, 6); (21, 4, 5); (28, 4, 4); (41, 4, 5); 
Queue5: (27, 2, 9); (43, 2, 4); (47, 2, 6); (9, 3, 6); (18, 3, 4); (49, 3, 8); (19, 4, 4); (25, 4, 6); (38, 4, 7); 

Time: 10
Queue1: (30, 2, 5); (36, 2, 4); (44, 2, 9); (2, 3, 7); (26, 3, 8); (13, 4, 6); (22, 4, 6); (29, 4, 4); (42, 4, 5); 
Queue2: (23, 2, 5); (35, 2, 9); (48, 2, 5); (3, 3, 8); (32, 3, 3); (1, 4, 5); (16, 4, 6); (24, 4, 6); (37, 4, 3); (45, 4, 6); 
Queue3: (17, 2, 8); (40, 2, 8); (0, 3, 9); (10, 3, 5); (39, 3, 3); (6, 4, 3); (15, 4, 5); (20, 4, 7); (31, 4, 8); 
Queue4: (11, 2, 9); (33, 2, 7); (46, 2, 9); (7, 3, 8); (34, 3, 6); (12, 4, 6); (21, 4, 5); (28, 4, 4); (41, 4, 5); 
Queue5: (27, 2, 9); (43, 2, 4); (47, 2, 6); (9, 3, 6); (18, 3, 4); (49, 3, 8); (19, 4, 4); (25, 4, 6); (38, 4, 7); 

Time: 11
Queue1: (30, 2, 5); (36, 2, 4); (44, 2, 9); (2, 3, 7); (26, 3, 8); (13, 4, 6); (22, 4, 6); (29, 4, 4); (42, 4, 5); 
Queue2: (23, 2, 5); (35, 2, 9); (48, 2, 5); (3, 3, 8); (32, 3, 3); (1, 4, 5); (16, 4, 6); (24, 4, 6); (37, 4, 3); (45, 4, 6); 
Queue3: (17, 2, 8); (40, 2, 8); (0, 3, 9); (10, 3, 5); (39, 3, 3); (6, 4, 3); (15, 4, 5); (20, 4, 7); (31, 4, 8); 
Queue4: (33, 2, 7); (46, 2, 9); (7, 3, 8); (34, 3, 6); (12, 4, 6); (21, 4, 5); (28, 4, 4); (41, 4, 5); 
Queue5: (27, 2, 9); (43, 2, 4); (47, 2, 6); (9, 3, 6); (18, 3, 4); (49, 3, 8); (19, 4, 4); (25, 4, 6); (38, 4, 7); 

Time: 12
Queue1: (30, 2, 5); (36, 2, 4); (44, 2, 9); (2, 3, 7); (26, 3, 8); (13, 4, 6); (22, 4, 6); (29, 4, 4); (42, 4, 5); 
Queue2: (23, 2, 5); (35, 2, 9); (48, 2, 5); (3, 3, 8); (32, 3, 3); (1, 4, 5); (16, 4, 6); (24, 4, 6); (37, 4, 3); (45, 4, 6); 
Queue3: (17, 2, 8); (40, 2, 8); (0, 3, 9); (10, 3, 5); (39, 3, 3); (6, 4, 3); (15, 4, 5); (20, 4, 7); (31, 4, 8); 
Queue4: (33, 2, 7); (46, 2, 9); (7, 3, 8); (34, 3, 6); (12, 4, 6); (21, 4, 5); (28, 4, 4); (41, 4, 5); 
Queue5: (27, 2, 9); (43, 2, 4); (47, 2, 6); (9, 3, 6); (18, 3, 4); (49, 3, 8); (19, 4, 4); (25, 4, 6); (38, 4, 7); 

Time: 13
Queue1: (30, 2, 5); (36, 2, 4); (44, 2, 9); (2, 3, 7); (26, 3, 8); (13, 4, 6); (22, 4, 6); (29, 4, 4); (42, 4, 5); 
Queue2: (35, 2, 9); (48, 2, 5); (3, 3, 8); (32, 3, 3); (1, 4, 5); (16, 4, 6); (24, 4, 6); (37, 4, 3); (45, 4, 6); 
Queue3: (17, 2, 8); (40, 2, 8); (0, 3, 9); (10, 3, 5); (39, 3, 3); (6, 4, 3); (15, 4, 5); (20, 4, 7); (31, 4, 8); 
Queue4: (33, 2, 7); (46, 2, 9); (7, 3, 8); (34, 3, 6); (12, 4, 6); (21, 4, 5); (28, 4, 4); (41, 4, 5); 
Queue5: (27, 2, 9); (43, 2, 4); (47, 2, 6); (9, 3, 6); (18, 3, 4); (49, 3, 8); (19, 4, 4); (25, 4, 6); (38, 4, 7); 

Time: 14
Queue1: (36, 2, 4); (44, 2, 9); (2, 3, 7); (26, 3, 8); (13, 4, 6); (22, 4, 6); (29, 4, 4); (42, 4, 5); 
Queue2: (35, 2, 9); (48, 2, 5); (3, 3, 8); (32, 3, 3); (1, 4, 5); (16, 4, 6); (24, 4, 6); (37, 4, 3); (45, 4, 6); 
Queue3: (40, 2, 8); (0, 3, 9); (10, 3, 5); (39, 3, 3); (6, 4, 3); (15, 4, 5); (20, 4, 7); (31, 4, 8); 
Queue4: (33, 2, 7); (46, 2, 9); (7, 3, 8); (34, 3, 6); (12, 4, 6); (21, 4, 5); (28, 4, 4); (41, 4, 5); 
Queue5: (27, 2, 9); (43, 2, 4); (47, 2, 6); (9, 3, 6); (18, 3, 4); (49, 3, 8); (19, 4, 4); (25, 4, 6); (38, 4, 7); 

Time: 15
Queue1: (36, 2, 4); (44, 2, 9); (2, 3, 7); (26, 3, 8); (13, 4, 6); (22, 4, 6); (29, 4, 4); (42, 4, 5); 
Queue2: (35, 2, 9); (48, 2, 5); (3, 3, 8); (32, 3, 3); (1, 4, 5); (16, 4, 6); (24, 4, 6); (37, 4, 3); (45, 4, 6); 
Queue3: (40, 2, 8); (0, 3, 9); (10, 3, 5); (39, 3, 3); (6, 4, 3); (15, 4, 5); (20, 4, 7); (31, 4, 8); 
Queue4: (33, 2, 7); (46, 2, 9); (7, 3, 8); (34, 3, 6); (12, 4, 6); (21, 4, 5); (28, 4, 4); (41, 4, 5); 
Queue5: (27, 2, 9); (43, 2, 4); (47, 2, 6); (9, 3, 6); (18, 3, 4); (49, 3, 8); (19, 4, 4); (25, 4, 6); (38, 4, 7); 

Time: 16
Queue1: (36, 2, 4); (44, 2, 9); (2, 3, 7); (26, 3, 8); (13, 4, 6); (22, 4, 6); (29, 4, 4); (42, 4, 5); 
Queue2: (35, 2, 9); (48, 2, 5); (3, 3, 8); (32, 3, 3); (1, 4, 5); (16, 4, 6); (24, 4, 6); (37, 4, 3); (45, 4, 6); 
Queue3: (40, 2, 8); (0, 3, 9); (10, 3, 5); (39, 3, 3); (6, 4, 3); (15, 4, 5); (20, 4, 7); (31, 4, 8); 
Queue4: (33, 2, 7); (46, 2, 9); (7, 3, 8); (34, 3, 6); (12, 4, 6); (21, 4, 5); (28, 4, 4); (41, 4, 5); 
Queue5: (27, 2, 9); (43, 2, 4); (47, 2, 6); (9, 3, 6); (18, 3, 4); (49, 3, 8); (19, 4, 4); (25, 4, 6); (38, 4, 7); 

Time: 17
Queue1: (36, 2, 4); (44, 2, 9); (2, 3, 7); (26, 3, 8); (13, 4, 6); (22, 4, 6); (29, 4, 4); (42, 4, 5); 
Queue2: (35, 2, 9); (48, 2, 5); (3, 3, 8); (32, 3, 3); (1, 4, 5); (16, 4, 6); (24, 4, 6); (37, 4, 3); (45, 4, 6); 
Queue3: (40, 2, 8); (0, 3, 9); (10, 3, 5); (39, 3, 3); (6, 4, 3); (15, 4, 5); (20, 4, 7); (31, 4, 8); 
Queue4: (33, 2, 7); (46, 2, 9); (7, 3, 8); (34, 3, 6); (12, 4, 6); (21, 4, 5); (28, 4, 4); (41, 4, 5); 
Queue5: (43, 2, 4); (47, 2, 6); (9, 3, 6); (18, 3, 4); (49, 3, 8); (19, 4, 4); (25, 4, 6); (38, 4, 7); 

Time: 18
Queue1: (44, 2, 9); (2, 3, 7); (26, 3, 8); (13, 4, 6); (22, 4, 6); (29, 4, 4); (42, 4, 5); 
Queue2: (35, 2, 9); (48, 2, 5); (3, 3, 8); (32, 3, 3); (1, 4, 5); (16, 4, 6); (24, 4, 6); (37, 4, 3); (45, 4, 6); 
Queue3: (40, 2, 8); (0, 3, 9); (10, 3, 5); (39, 3, 3); (6, 4, 3); (15, 4, 5); (20, 4, 7); (31, 4, 8); 
Queue4: (46, 2, 9); (7, 3, 8); (34, 3, 6); (12, 4, 6); (21, 4, 5); (28, 4, 4); (41, 4, 5); 
Queue5: (43, 2, 4); (47, 2, 6); (9, 3, 6); (18, 3, 4); (49, 3, 8); (19, 4, 4); (25, 4, 6); (38, 4, 7); 

Time: 19
Queue1: (44, 2, 9); (2, 3, 7); (26, 3, 8); (13, 4, 6); (22, 4, 6); (29, 4, 4); (42, 4, 5); 
Queue2: (35, 2, 9); (48, 2, 5); (3, 3, 8); (32, 3, 3); (1, 4, 5); (16, 4, 6); (24, 4, 6); (37, 4, 3); (45, 4, 6); 
Queue3: (40, 2, 8); (0, 3, 9); (10, 3, 5); (39, 3, 3); (6, 4, 3); (15, 4, 5); (20, 4, 7); (31, 4, 8); 
Queue4: (46, 2, 9); (7, 3, 8); (34, 3, 6); (12, 4, 6); (21, 4, 5); (28, 4, 4); (41, 4, 5); 
Queue5: (43, 2, 4); (47, 2, 6); (9, 3, 6); (18, 3, 4); (49, 3, 8); (19, 4, 4); (25, 4, 6); (38, 4, 7); 

Time: 20
Queue1: (44, 2, 9); (2, 3, 7); (26, 3, 8); (13, 4, 6); (22, 4, 6); (29, 4, 4); (42, 4, 5); 
Queue2: (35, 2, 9); (48, 2, 5); (3, 3, 8); (32, 3, 3); (1, 4, 5); (16, 4, 6); (24, 4, 6); (37, 4, 3); (45, 4, 6); 
Queue3: (40, 2, 8); (0, 3, 9); (10, 3, 5); (39, 3, 3); (6, 4, 3); (15, 4, 5); (20, 4, 7); (31, 4, 8); 
Queue4: (46, 2, 9); (7, 3, 8); (34, 3, 6); (12, 4, 6); (21, 4, 5); (28, 4, 4); (41, 4, 5); 
Queue5: (43, 2, 4); (47, 2, 6); (9, 3, 6); (18, 3, 4); (49, 3, 8); (19, 4, 4); (25, 4, 6); (38, 4, 7); 

Time: 21
Queue1: (44, 2, 9); (2, 3, 7); (26, 3, 8); (13, 4, 6); (22, 4, 6); (29, 4, 4); (42, 4, 5); 
Queue2: (35, 2, 9); (48, 2, 5); (3, 3, 8); (32, 3, 3); (1, 4, 5); (16, 4, 6); (24, 4, 6); (37, 4, 3); (45, 4, 6); 
Queue3: (40, 2, 8); (0, 3, 9); (10, 3, 5); (39, 3, 3); (6, 4, 3); (15, 4, 5); (20, 4, 7); (31, 4, 8); 
Queue4: (46, 2, 9); (7, 3, 8); (34, 3, 6); (12, 4, 6); (21, 4, 5); (28, 4, 4); (41, 4, 5); 
Queue5: (47, 2, 6); (9, 3, 6); (18, 3, 4); (49, 3, 8); (19, 4, 4); (25, 4, 6); (38, 4, 7); 

Time: 22
Queue1: (44, 2, 9); (2, 3, 7); (26, 3, 8); (13, 4, 6); (22, 4, 6); (29, 4, 4); (42, 4, 5); 
Queue2: (48, 2, 5); (3, 3, 8); (32, 3, 3); (1, 4, 5); (16, 4, 6); (24, 4, 6); (37, 4, 3); (45, 4, 6); 
Queue3: (0, 3, 9); (10, 3, 5); (39, 3, 3); (6, 4, 3); (15, 4, 5); (20, 4, 7); (31, 4, 8); 
Queue4: (46, 2, 9); (7, 3, 8); (34, 3, 6); (12, 4, 6); (21, 4, 5); (28, 4, 4); (41, 4, 5); 
Queue5: (47, 2, 6); (9, 3, 6); (18, 3, 4); (49, 3, 8); (19, 4, 4); (25, 4, 6); (38, 4, 7); 

Time: 23
Queue1: (44, 2, 9); (2, 3, 7); (26, 3, 8); (13, 4, 6); (22, 4, 6); (29, 4, 4); (42, 4, 5); 
Queue2: (48, 2, 5); (3, 3, 8); (32, 3, 3); (1, 4, 5); (16, 4, 6); (24, 4, 6); (37, 4, 3); (45, 4, 6); 
Queue3: (0, 3, 9); (10, 3, 5); (39, 3, 3); (6, 4, 3); (15, 4, 5); (20, 4, 7); (31, 4, 8); 
Queue4: (46, 2, 9); (7, 3, 8); (34, 3, 6); (12, 4, 6); (21, 4, 5); (28, 4, 4); (41, 4, 5); 
Queue5: (47, 2, 6); (9, 3, 6); (18, 3, 4); (49, 3, 8); (19, 4, 4); (25, 4, 6); (38, 4, 7); 

Time: 24
Queue1: (44, 2, 9); (2, 3, 7); (26, 3, 8); (13, 4, 6); (22, 4, 6); (29, 4, 4); (42, 4, 5); 
Queue2: (48, 2, 5); (3, 3, 8); (32, 3, 3); (1, 4, 5); (16, 4, 6); (24, 4, 6); (37, 4, 3); (45, 4, 6); 
Queue3: (0, 3, 9); (10, 3, 5); (39, 3, 3); (6, 4, 3); (15, 4, 5); (20, 4, 7); (31, 4, 8); 
Queue4: (46, 2, 9); (7, 3, 8); (34, 3, 6); (12, 4, 6); (21, 4, 5); (28, 4, 4); (41, 4, 5); 
Queue5: (47, 2, 6); (9, 3, 6); (18, 3, 4); (49, 3, 8); (19, 4, 4); (25, 4, 6); (38, 4, 7); 

Time: 25
Queue1: (44, 2, 9); (2, 3, 7); (26, 3, 8); (13, 4, 6); (22, 4, 6); (29, 4, 4); (42, 4, 5); 
Queue2: (48, 2, 5); (3, 3, 8); (32, 3, 3); (1, 4, 5); (16, 4, 6); (24, 4, 6); (37, 4, 3); (45, 4, 6); 
Queue3: (0, 3, 9); (10, 3, 5); (39, 3, 3); (6, 4, 3); (15, 4, 5); (20, 4, 7); (31, 4, 8); 
Queue4: (46, 2, 9); (7, 3, 8); (34, 3, 6); (12, 4, 6); (21, 4, 5); (28, 4, 4); (41, 4, 5); 
Queue5: (47, 2, 6); (9, 3, 6); (18, 3, 4); (49, 3, 8); (19, 4, 4); (25, 4, 6); (38, 4, 7); 

Time: 26
Queue1: (44, 2, 9); (2, 3, 7); (26, 3, 8); (13, 4, 6); (22, 4, 6); (29, 4, 4); (42, 4, 5); 
Queue2: (48, 2, 5); (3, 3, 8); (32, 3, 3); (1, 4, 5); (16, 4, 6); (24, 4, 6); (37, 4, 3); (45, 4, 6); 
Queue3: (0, 3, 9); (10, 3, 5); (39, 3, 3); (6, 4, 3); (15, 4, 5); (20, 4, 7); (31, 4, 8); 
Queue4: (46, 2, 9); (7, 3, 8); (34, 3, 6); (12, 4, 6); (21, 4, 5); (28, 4, 4); (41, 4, 5); 
Queue5: (47, 2, 6); (9, 3, 6); (18, 3, 4); (49, 3, 8); (19, 4, 4); (25, 4, 6); (38, 4, 7); 

Time: 27
Queue1: (2, 3, 7); (26, 3, 8); (13, 4, 6); (22, 4, 6); (29, 4, 4); (42, 4, 5); 
Queue2: (3, 3, 8); (32, 3, 3); (1, 4, 5); (16, 4, 6); (24, 4, 6); (37, 4, 3); (45, 4, 6); 
Queue3: (0, 3, 9); (10, 3, 5); (39, 3, 3); (6, 4, 3); (15, 4, 5); (20, 4, 7); (31, 4, 8); 
Queue4: (7, 3, 8); (34, 3, 6); (12, 4, 6); (21, 4, 5); (28, 4, 4); (41, 4, 5); 
Queue5: (9, 3, 6); (18, 3, 4); (49, 3, 8); (19, 4, 4); (25, 4, 6); (38, 4, 7); 

Time: 28
Queue1: (2, 3, 7); (26, 3, 8); (13, 4, 6); (22, 4, 6); (29, 4, 4); (42, 4, 5); 
Queue2: (3, 3, 8); (32, 3, 3); (1, 4, 5); (16, 4, 6); (24, 4, 6); (37, 4, 3); (45, 4, 6); 
Queue3: (0, 3, 9); (10, 3, 5); (39, 3, 3); (6, 4, 3); (15, 4, 5); (20, 4, 7); (31, 4, 8); 
Queue4: (7, 3, 8); (34, 3, 6); (12, 4, 6); (21, 4, 5); (28, 4, 4); (41, 4, 5); 
Queue5: (9, 3, 6); (18, 3, 4); (49, 3, 8); (19, 4, 4); (25, 4, 6); (38, 4, 7); 

Time: 29
Queue1: (2, 3, 7); (26, 3, 8); (13, 4, 6); (22, 4, 6); (29, 4, 4); (42, 4, 5); 
Queue2: (3, 3, 8); (32, 3, 3); (1, 4, 5); (16, 4, 6); (24, 4, 6); (37, 4, 3); (45, 4, 6); 
Queue3: (0, 3, 9); (10, 3, 5); (39, 3, 3); (6, 4, 3); (15, 4, 5); (20, 4, 7); (31, 4, 8); 
Queue4: (7, 3, 8); (34, 3, 6); (12, 4, 6); (21, 4, 5); (28, 4, 4); (41, 4, 5); 
Queue5: (9, 3, 6); (18, 3, 4); (49, 3, 8); (19, 4, 4); (25, 4, 6); (38, 4, 7); 

Time: 30
Queue1: (2, 3, 7); (26, 3, 8); (13, 4, 6); (22, 4, 6); (29, 4, 4); (42, 4, 5); 
Queue2: (3, 3, 8); (32, 3, 3); (1, 4, 5); (16, 4, 6); (24, 4, 6); (37, 4, 3); (45, 4, 6); 
Queue3: (0, 3, 9); (10, 3, 5); (39, 3, 3); (6, 4, 3); (15, 4, 5); (20, 4, 7); (31, 4, 8); 
Queue4: (7, 3, 8); (34, 3, 6); (12, 4, 6); (21, 4, 5); (28, 4, 4); (41, 4, 5); 
Queue5: (9, 3, 6); (18, 3, 4); (49, 3, 8); (19, 4, 4); (25, 4, 6); (38, 4, 7); 

Time: 31
Queue1: (2, 3, 7); (26, 3, 8); (13, 4, 6); (22, 4, 6); (29, 4, 4); (42, 4, 5); 
Queue2: (3, 3, 8); (32, 3, 3); (1, 4, 5); (16, 4, 6); (24, 4, 6); (37, 4, 3); (45, 4, 6); 
Queue3: (10, 3, 5); (39, 3, 3); (6, 4, 3); (15, 4, 5); (20, 4, 7); (31, 4, 8); 
Queue4: (7, 3, 8); (34, 3, 6); (12, 4, 6); (21, 4, 5); (28, 4, 4); (41, 4, 5); 
Queue5: (9, 3, 6); (18, 3, 4); (49, 3, 8); (19, 4, 4); (25, 4, 6); (38, 4, 7); 

Time: 32
Queue1: (2, 3, 7); (26, 3, 8); (13, 4, 6); (22, 4, 6); (29, 4, 4); (42, 4, 5); 
Queue2: (3, 3, 8); (32, 3, 3); (1, 4, 5); (16, 4, 6); (24, 4, 6); (37, 4, 3); (45, 4, 6); 
Queue3: (10, 3, 5); (39, 3, 3); (6, 4, 3); (15, 4, 5); (20, 4, 7); (31, 4, 8); 
Queue4: (7, 3, 8); (34, 3, 6); (12, 4, 6); (21, 4, 5); (28, 4, 4); (41, 4, 5); 
Queue5: (9, 3, 6); (18, 3, 4); (49, 3, 8); (19, 4, 4); (25, 4, 6); (38, 4, 7); 

Time: 33
Queue1: (2, 3, 7); (26, 3, 8); (13, 4, 6); (22, 4, 6); (29, 4, 4); (42, 4, 5); 
Queue2: (3, 3, 8); (32, 3, 3); (1, 4, 5); (16, 4, 6); (24, 4, 6); (37, 4, 3); (45, 4, 6); 
Queue3: (10, 3, 5); (39, 3, 3); (6, 4, 3); (15, 4, 5); (20, 4, 7); (31, 4, 8); 
Queue4: (7, 3, 8); (34, 3, 6); (12, 4, 6); (21, 4, 5); (28, 4, 4); (41, 4, 5); 
Queue5: (18, 3, 4); (49, 3, 8); (19, 4, 4); (25, 4, 6); (38, 4, 7); 

Time: 34
Queue1: (26, 3, 8); (13, 4, 6); (22, 4, 6); (29, 4, 4); (42, 4, 5); 
Queue2: (3, 3, 8); (32, 3, 3); (1, 4, 5); (16, 4, 6); (24, 4, 6); (37, 4, 3); (45, 4, 6); 
Queue3: (10, 3, 5); (39, 3, 3); (6, 4, 3); (15, 4, 5); (20, 4, 7); (31, 4, 8); 
Queue4: (7, 3, 8); (34, 3, 6); (12, 4, 6); (21, 4, 5); (28, 4, 4); (41, 4, 5); 
Queue5: (18, 3, 4); (49, 3, 8); (19, 4, 4); (25, 4, 6); (38, 4, 7); 

Time: 35
Queue1: (26, 3, 8); (13, 4, 6); (22, 4, 6); (29, 4, 4); (42, 4, 5); 
Queue2: (32, 3, 3); (1, 4, 5); (16, 4, 6); (24, 4, 6); (37, 4, 3); (45, 4, 6); 
Queue3: (10, 3, 5); (39, 3, 3); (6, 4, 3); (15, 4, 5); (20, 4, 7); (31, 4, 8); 
Queue4: (34, 3, 6); (12, 4, 6); (21, 4, 5); (28, 4, 4); (41, 4, 5); 
Queue5: (18, 3, 4); (49, 3, 8); (19, 4, 4); (25, 4, 6); (38, 4, 7); 

Time: 36
Queue1: (26, 3, 8); (13, 4, 6); (22, 4, 6); (29, 4, 4); (42, 4, 5); 
Queue2: (32, 3, 3); (1, 4, 5); (16, 4, 6); (24, 4, 6); (37, 4, 3); (45, 4, 6); 
Queue3: (39, 3, 3); (6, 4, 3); (15, 4, 5); (20, 4, 7); (31, 4, 8); 
Queue4: (34, 3, 6); (12, 4, 6); (21, 4, 5); (28, 4, 4); (41, 4, 5); 
Queue5: (18, 3, 4); (49, 3, 8); (19, 4, 4); (25, 4, 6); (38, 4, 7); 

Time: 37
Queue1: (26, 3, 8); (13, 4, 6); (22, 4, 6); (29, 4, 4); (42, 4, 5); 
Queue2: (32, 3, 3); (1, 4, 5); (16, 4, 6); (24, 4, 6); (37, 4, 3); (45, 4, 6); 
Queue3: (39, 3, 3); (6, 4, 3); (15, 4, 5); (20, 4, 7); (31, 4, 8); 
Queue4: (34, 3, 6); (12, 4, 6); (21, 4, 5); (28, 4, 4); (41, 4, 5); 
Queue5: (49, 3, 8); (19, 4, 4); (25, 4, 6); (38, 4, 7); 

Time: 38
Queue1: (26, 3, 8); (13, 4, 6); (22, 4, 6); (29, 4, 4); (42, 4, 5); 
Queue2: (1, 4, 5); (16, 4, 6); (24, 4, 6); (37, 4, 3); (45, 4, 6); 
Queue3: (39, 3, 3); (6, 4, 3); (15, 4, 5); (20, 4, 7); (31, 4, 8); 
Queue4: (34, 3, 6); (12, 4, 6); (21, 4, 5); (28, 4, 4); (41, 4, 5); 
Queue5: (49, 3, 8); (19, 4, 4); (25, 4, 6); (38, 4, 7); 

Time: 39
Queue1: (26, 3, 8); (13, 4, 6); (22, 4, 6); (29, 4, 4); (42, 4, 5); 
Queue2: (1, 4, 5); (16, 4, 6); (24, 4, 6); (37, 4, 3); (45, 4, 6); 
Queue3: (6, 4, 3); (15, 4, 5); (20, 4, 7); (31, 4, 8); 
Queue4: (34, 3, 6); (12, 4, 6); (21, 4, 5); (28, 4, 4); (41, 4, 5); 
Queue5: (49, 3, 8); (19, 4, 4); (25, 4, 6); (38, 4, 7); 

Time: 40
Queue1: (26, 3, 8); (13, 4, 6); (22, 4, 6); (29, 4, 4); (42, 4, 5); 
Queue2: (1, 4, 5); (16, 4, 6); (24, 4, 6); (37, 4, 3); (45, 4, 6); 
Queue3: (6, 4, 3); (15, 4, 5); (20, 4, 7); (31, 4, 8); 
Queue4: (34, 3, 6); (12, 4, 6); (21, 4, 5); (28, 4, 4); (41, 4, 5); 
Queue5: (49, 3, 8); (19, 4, 4); (25, 4, 6); (38, 4, 7); 

Time: 41
Queue1: (26, 3, 8); (13, 4, 6); (22, 4, 6); (29, 4, 4); (42, 4, 5); 
Queue2: (1, 4, 5); (16, 4, 6); (24, 4, 6); (37, 4, 3); (45, 4, 6); 
Queue3: (6, 4, 3); (15, 4, 5); (20, 4, 7); (31, 4, 8); 
Queue4: (12, 4, 6); (21, 4, 5); (28, 4, 4); (41, 4, 5); 
Queue5: (49, 3, 8); (19, 4, 4); (25, 4, 6); (38, 4, 7); 

Time: 42
Queue1: (13, 4, 6); (22, 4, 6); (29, 4, 4); (42, 4, 5); 
Queue2: (1, 4, 5); (16, 4, 6); (24, 4, 6); (37, 4, 3); (45, 4, 6); 
Queue3: (15, 4, 5); (20, 4, 7); (31, 4, 8); 
Queue4: (12, 4, 6); (21, 4, 5); (28, 4, 4); (41, 4, 5); 
Queue5: (49, 3, 8); (19, 4, 4); (25, 4, 6); (38, 4, 7); 

Time: 43
Queue1: (13, 4, 6); (22, 4, 6); (29, 4, 4); (42, 4, 5); 
Queue2: (16, 4, 6); (24, 4, 6); (37, 4, 3); (45, 4, 6); 
Queue3: (15, 4, 5); (20, 4, 7); (31, 4, 8); 
Queue4: (12, 4, 6); (21, 4, 5); (28, 4, 4); (41, 4, 5); 
Queue5: (49, 3, 8); (19, 4, 4); (25, 4, 6); (38, 4, 7); 

Time: 44
Queue1: (13, 4, 6); (22, 4, 6); (29, 4, 4); (42, 4, 5); 
Queue2: (16, 4, 6); (24, 4, 6); (37, 4, 3); (45, 4, 6); 
Queue3: (15, 4, 5); (20, 4, 7); (31, 4, 8); 
Queue4: (12, 4, 6); (21, 4, 5); (28, 4, 4); (41, 4, 5); 
Queue5: (49, 3, 8); (19, 4, 4); (25, 4, 6); (38, 4, 7); 

Time: 45
Queue1: (13, 4, 6); (22, 4, 6); (29, 4, 4); (42, 4, 5); 
Queue2: (16, 4, 6); (24, 4, 6); (37, 4, 3); (45, 4, 6); 
Queue3: (15, 4, 5); (20, 4, 7); (31, 4, 8); 
Queue4: (12, 4, 6); (21, 4, 5); (28, 4, 4); (41, 4, 5); 
Queue5: (19, 4, 4); (25, 4, 6); (38, 4, 7); 

Time: 46
Queue1: (13, 4, 6); (22, 4, 6); (29, 4, 4); (42, 4, 5); 
Queue2: (16, 4, 6); (24, 4, 6); (37, 4, 3); (45, 4, 6); 
Queue3: (15, 4, 5); (20, 4, 7); (31, 4, 8); 
Queue4: (12, 4, 6); (21, 4, 5); (28, 4, 4); (41, 4, 5); 
Queue5: (19, 4, 4); (25, 4, 6); (38, 4, 7); 

Time: 47
Queue1: (13, 4, 6); (22, 4, 6); (29, 4, 4); (42, 4, 5); 
Queue2: (16, 4, 6); (24, 4, 6); (37, 4, 3); (45, 4, 6); 
Queue3: (20, 4, 7); (31, 4, 8); 
Queue4: (21, 4, 5); (28, 4, 4); (41, 4, 5); 
Queue5: (19, 4, 4); (25, 4, 6); (38, 4, 7); 

Time: 48
Queue1: (22, 4, 6); (29, 4, 4); (42, 4, 5); 
Queue2: (16, 4, 6); (24, 4, 6); (37, 4, 3); (45, 4, 6); 
Queue3: (20, 4, 7); (31, 4, 8); 
Queue4: (21, 4, 5); (28, 4, 4); (41, 4, 5); 
Queue5: (19, 4, 4); (25, 4, 6); (38, 4, 7); 

Time: 49
Queue1: (22, 4, 6); (29, 4, 4); (42, 4, 5); 
Queue2: (24, 4, 6); (37, 4, 3); (45, 4, 6); 
Queue3: (20, 4, 7); (31, 4, 8); 
Queue4: (21, 4, 5); (28, 4, 4); (41, 4, 5); 
Queue5: (25, 4, 6); (38, 4, 7); 

Time: 50
Queue1: (22, 4, 6); (29, 4, 4); (42, 4, 5); 
Queue2: (24, 4, 6); (37, 4, 3); (45, 4, 6); 
Queue3: (20, 4, 7); (31, 4, 8); 
Queue4: (21, 4, 5); (28, 4, 4); (41, 4, 5); 
Queue5: (25, 4, 6); (38, 4, 7); 

Time: 51
Queue1: (22, 4, 6); (29, 4, 4); (42, 4, 5); 
Queue2: (24, 4, 6); (37, 4, 3); (45, 4, 6); 
Queue3: (20, 4, 7); (31, 4, 8); 
Queue4: (21, 4, 5); (28, 4, 4); (41, 4, 5); 
Queue5: (25, 4, 6); (38, 4, 7); 

Time: 52
Queue1: (22, 4, 6); (29, 4, 4); (42, 4, 5); 
Queue2: (24, 4, 6); (37, 4, 3); (45, 4, 6); 
Queue3: (20, 4, 7); (31, 4, 8); 
Queue4: (28, 4, 4); (41, 4, 5); 
Queue5: (25, 4, 6); (38, 4, 7); 

Time: 53
Queue1: (22, 4, 6); (29, 4, 4); (42, 4, 5); 
Queue2: (24, 4, 6); (37, 4, 3); (45, 4, 6); 
Queue3: (20, 4, 7); (31, 4, 8); 
Queue4: (28, 4, 4); (41, 4, 5); 
Queue5: (25, 4, 6); (38, 4, 7); 

Time: 54
Queue1: (29, 4, 4); (42, 4, 5); 
Queue2: (24, 4, 6); (37, 4, 3); (45, 4, 6); 
Queue3: (31, 4, 8); 
Queue4: (28, 4, 4); (41, 4, 5); 
Queue5: (25, 4, 6); (38, 4, 7); 

Time: 55
Queue1: (29, 4, 4); (42, 4, 5); 
Queue2: (37, 4, 3); (45, 4, 6); 
Queue3: (31, 4, 8); 
Queue4: (28, 4, 4); (41, 4, 5); 
Queue5: (38, 4, 7); 

Time: 56
Queue1: (29, 4, 4); (42, 4, 5); 
Queue2: (37, 4, 3); (45, 4, 6); 
Queue3: (31, 4, 8); 
Queue4: (41, 4, 5); 
Queue5: (38, 4, 7); 

Time: 57
Queue1: (29, 4, 4); (42, 4, 5); 
Queue2: (37, 4, 3); (45, 4, 6); 
Queue3: (31, 4, 8); 
Queue4: (41, 4, 5); 
Queue5: (38, 4, 7); 

Time: 58
Queue1: (42, 4, 5); 
Queue2: (45, 4, 6); 
Queue3: (31, 4, 8); 
Queue4: (41, 4, 5); 
Queue5: (38, 4, 7); 

Time: 59
Queue1: (42, 4, 5); 
Queue2: (45, 4, 6); 
Queue3: (31, 4, 8); 
Queue4: (41, 4, 5); 
Queue5: (38, 4, 7); 

Time: 60
Queue1: (42, 4, 5); 
Queue2: (45, 4, 6); 
Queue3: (31, 4, 8); 
Queue4: (41, 4, 5); 
Queue5: (38, 4, 7); 

Time: 61
Queue1: (42, 4, 5); 
Queue2: (45, 4, 6); 
Queue3: (31, 4, 8); 
Queue4: closed
Queue5: (38, 4, 7); 

Time: 62
Queue1: (42, 4, 5); 
Queue2: (45, 4, 6); 
Queue3: closed
Queue4: closed
Queue5: closed

Time: 63
Queue1: closed
Queue2: (45, 4, 6); 
Queue3: closed
Queue4: closed
Queue5: closed


======================SIMULATION FINISHED======================
Average waiting time is: 34.68
Average service time is: 6.04
Peak hour is: 4
